function mpc = pglib_opf_case57_ieee
mpc.version = '2';
mpc.baseMVA = 100.0;

%% bus data
%	bus_i	type	Pd	Qd	Gs	Bs	area	Vm	Va	baseKV	zone	Vmax	Vmin
mpc.bus = [
    1	3	49.5000 	15.3000 	0.0000 	0.000 	1 	1.0000 	0.0000 	1	1	1.0600 	0.9400; 
    2	2	2.7000 	79.2000 	0.0000 	0.000 	1 	1.0000 	0.0000 	1	1	1.0600 	0.9400 ;
    3	2	36.9000 	18.9000 	0.0000 	0.000 	1 	1.0000 	0.0000 	1	1	1.0600 	0.9400 ;
    4	1	0.0000 	0.0000 	0.0000 	0.000 	1 	1.0000 	0.0000 	1	1	1.0600 	0.9400 ;
    5	1	11.7000 	3.6000 	0.0000 	0.000 	1 	1.0000 	0.0000 	1	1	1.0600 	0.9400 ;
    6	2	67.5000 	1.8000 	0.0000 	0.000 	1 	1.0000 	0.0000 	1	1	1.0600 	0.9400 ;
    7	1	0.0000 	0.0000 	0.0000 	0.000 	1 	1.0000 	0.0000 	1	1	1.0600 	0.9400 ;
    8	2	135.0000 	19.8000 	0.0000 	0.000 	1 	1.0000 	0.0000 	1	1	1.0600 	0.9400 ;
    9	2	108.9000 	23.4000 	0.0000 	0.000 	1 	1.0000 	0.0000 	1	1	1.0600 	0.9400 ;
    10	1	4.5000 	1.8000 	0.0000 	0.000 	1 	1.0000 	0.0000 	1	1	1.0600 	0.9400 ;
    11	1	0.0000 	0.0000 	0.0000 	0.000 	1 	1.0000 	0.0000 	1	1	1.0600 	0.9400; 
    12	2	339.3000 	21.6000 	0.0000 	0.000 	1 	1.0000 	0.0000 	1	1	1.0600 	0.9400;
    13	1	16.2000 	2.0700 	0.0000 	0.000 	1 	1.0000 	0.0000 	1	1	1.0600 	0.9400 ;
    14	1	9.4500 	4.7700 	0.0000 	0.000 	1 	1.0000 	0.0000 	1	1	1.0600 	0.9400 ;
    15	1	19.8000 	4.5000 	0.0000 	0.000 	1 	1.0000 	0.0000 	1	1	1.0600 	0.9400; 
    16	1	38.7000 	2.7000 	0.0000 	0.000 	1 	1.0000 	0.0000 	1	1	1.0600 	0.9400 ;
    17	1	37.8000 	7.2000 	0.0000 	0.000 	1 	1.0000 	0.0000 	1	1	1.0600 	0.9400; 
    18	1	24.4800 	8.8200 	0.0000 	10.000 	1 	1.0000 	0.0000 	1	1	1.0600 	0.9400; 
    19	1	2.9700 	0.5400 	0.0000 	0.000 	1 	1.0000 	0.0000 	1	1	1.0600 	0.9400; 
    20	1	2.0700 	0.9000 	0.0000 	0.000 	1 	1.0000 	0.0000 	1	1	1.0600 	0.9400; 
    21	1	0.0000 	0.0000 	0.0000 	0.000 	1 	1.0000 	0.0000 	1	1	1.0600 	0.9400; 
    22	1	0.0000 	0.0000 	0.0000 	0.000 	1 	1.0000 	0.0000 	1	1	1.0600 	0.9400; 
    23	1	5.6700 	1.8900 	0.0000 	0.000 	1 	1.0000 	0.0000 	1	1	1.0600 	0.9400; 
    24	1	0.0000 	0.0000 	0.0000 	0.000 	1 	1.0000 	0.0000 	1	1	1.0600 	0.9400; 
    25	1	5.6700 	2.8800 	0.0000 	5.900 	1 	1.0000 	0.0000 	1	1	1.0600 	0.9400; 
    26	1	0.0000 	0.0000 	0.0000 	0.000 	1 	1.0000 	0.0000 	1	1	1.0600 	0.9400; 
    27	1	8.3700 	0.4500 	0.0000 	0.000 	1 	1.0000 	0.0000 	1	1	1.0600 	0.9400; 
    28	1	4.1400 	2.0700 	0.0000 	0.000 	1 	1.0000 	0.0000 	1	1	1.0600 	0.9400; 
    29	1	15.3000 	2.3400 	0.0000 	0.000 	1 	1.0000 	0.0000 	1	1	1.0600 	0.9400; 
    30	1	3.2400 	1.6200 	0.0000 	0.000 	1 	1.0000 	0.0000 	1	1	1.0600 	0.9400; 
    31	1	5.2200 	2.6100 	0.0000 	0.000 	1 	1.0000 	0.0000 	1	1	1.0600 	0.9400; 
    32	1	1.4400 	0.7200 	0.0000 	0.000 	1 	1.0000 	0.0000 	1	1	1.0600 	0.9400; 
    33	1	3.4200 	1.7100 	0.0000 	0.000 	1 	1.0000 	0.0000 	1	1	1.0600 	0.9400; 
    34	1	0.0000 	0.0000 	0.0000 	0.000 	1 	1.0000 	0.0000 	1	1	1.0600 	0.9400; 
    35	1	5.4000 	2.7000 	0.0000 	0.000 	1 	1.0000 	0.0000 	1	1	1.0600 	0.9400; 
    36	1	0.0000 	0.0000 	0.0000 	0.000 	1 	1.0000 	0.0000 	1	1	1.0600 	0.9400; 
    37	1	0.0000 	0.0000 	0.0000 	0.000 	1 	1.0000 	0.0000 	1	1	1.0600 	0.9400; 
    38	1	12.6000 	6.3000 	0.0000 	0.000 	1 	1.0000 	0.0000 	1	1	1.0600 	0.9400; 
    39	1	0.0000 	0.0000 	0.0000 	0.000 	1 	1.0000 	0.0000 	1	1	1.0600 	0.9400; 
    40	1	0.0000 	0.0000 	0.0000 	0.000 	1 	1.0000 	0.0000 	1	1	1.0600 	0.9400; 
    41	1	5.6700 	2.7000 	0.0000 	0.000 	1 	1.0000 	0.0000 	1	1	1.0600 	0.9400; 
    42	1	6.3900 	3.9600 	0.0000 	0.000 	1 	1.0000 	0.0000 	1	1	1.0600 	0.9400; 
    43	1	1.8000 	0.9000 	0.0000 	0.000 	1 	1.0000 	0.0000 	1	1	1.0600 	0.9400; 
    44	1	10.8000 	1.6200 	0.0000 	0.000 	1 	1.0000 	0.0000 	1	1	1.0600 	0.9400; 
    45	1	0.0000 	0.0000 	0.0000 	0.000 	1 	1.0000 	0.0000 	1	1	1.0600 	0.9400; 
    46	1	0.0000 	0.0000 	0.0000 	0.000 	1 	1.0000 	0.0000 	1	1	1.0600 	0.9400; 
    47	1	26.7300 	10.4400 	0.0000 	0.000 	1 	1.0000 	0.0000 	1	1	1.0600 	0.9400; 
    48	1	0.0000 	0.0000 	0.0000 	0.000 	1 	1.0000 	0.0000 	1	1	1.0600 	0.9400; 
    49	1	16.2000 	7.6500 	0.0000 	0.000 	1 	1.0000 	0.0000 	1	1	1.0600 	0.9400; 
    50	1	18.9000 	9.4500 	0.0000 	0.000 	1 	1.0000 	0.0000 	1	1	1.0600 	0.9400; 
    51	1	16.2000 	4.7700 	0.0000 	0.000 	1 	1.0000 	0.0000 	1	1	1.0600 	0.9400; 
    52	1	4.4100 	1.9800 	0.0000 	0.000 	1 	1.0000 	0.0000 	1	1	1.0600 	0.9400; 
    53	1	18.0000 	9.0000 	0.0000 	6.300 	1 	1.0000 	0.0000 	1	1	1.0600 	0.9400; 
    54	1	3.6900 	1.2600 	0.0000 	0.000 	1 	1.0000 	0.0000 	1	1	1.0600 	0.9400; 
    55	1	6.1200 	3.0600 	0.0000 	0.000 	1 	1.0000 	0.0000 	1	1	1.0600 	0.9400; 
    56	1	6.8400 	1.9800 	0.0000 	0.000 	1 	1.0000 	0.0000 	1	1	1.0600 	0.9400; 
    57	1	6.0300 	1.8000 	0.0000 	0.000 	1 	1.0000 	0.0000 	1	1	1.0600 	0.9400; 
];

%% generator data
%	bus	Pg	Qg	Qmax	Qmin	Vg	mBase	status	Pmax	Pmin
mpc.gen = [
    1	122.5000 	0.0 	110.0 	-123.0 	1.0 	100.0 	1	140.0000 	0.0000; 
    2	0.0000 	16.5 	130.0 	-17.0 	1.0 	100.0 	1	140.0000 	0.0000; 
    3	30.0000 	10.0 	70.0 	-10.0 	1.0 	100.0 	1	210.0000 	0.0000; 
    6	0.0000 	8.5 	55.0 	-30.0 	1.0 	100.0 	1	240.0000 	0.0000; 
    8	579.5000 	30.0 	120.0 	-140.0 	1.0 	100.0 	1	659.0000 	0.0000;
    9	0.0000 	3.0 	110.0 	-10.0 	1.0 	100.0 	1	300.0000 	0.0000; 
    12	259.5000 	2.5 	95.0 	-150.0 	1.0 	100.0 	1	219.0000 	0.0000; 
];

%% generator cost data
%	2	startup	shutdown	n	c(n-1)	...	c0
mpc.gencost = [
    2	0	0	3	0.0365	16.960624	0.0000; 
    2	0	0	3	0.0265	18.269494	0.0000; 
    2	0	0	3	0.0235	14.075557	0.0000; 
    2	0	0	3	0.03265	8.269494	0.0000; 
    2	0	0	3	0.0155	5.441037	0.0000; 
    2	0	0	3	0.02265	18.269494	0.0000; 
    2	0	0	3	0.0265	17.188979	0.0000; 
];

%% branch data
%	fbus	tbus	r	x	b	rateA	rateB	rateC	ratio	angle	status	angmin	angmax
