function mpc = pglib_opf_case300_ieee
mpc.version = '2';
mpc.baseMVA = 100.0;

%% bus data
%	bus_i	type	Pd	Qd	Gs	Bs	area	Vm	Va	baseKV	zone	Vmax	Vmin
mpc.bus = [
    1	1	63.0 	34.3 	0.0 	0.0 	1	1.0000 	0.0000 	115.0 	1	1.0600 	0.9400;
    2	1	39.2 	10.5 	0.0 	0.0 	1	1.0000 	0.0000 	115.0 	1	1.0600 	0.9400;
    3	1	14.0 	0.0 	0.0 	0.0 	1	1.0000 	0.0000 	230.0 	1	1.0600 	0.9400;
    4	1	0.0 	0.0 	0.0 	0.0 	1	1.0000 	0.0000 	345.0 	1	1.0600 	0.9400;
    5	1	247.1 	91.0 	0.0 	0.0 	1	1.0000 	0.0000 	115.0 	1	1.0600 	0.9400;
    6	1	84.0 	28.7 	0.0 	0.0 	1	1.0000 	0.0000 	115.0 	1	1.0600 	0.9400;
    7	1	0.0 	0.0 	0.0 	0.0 	1	1.0000 	0.0000 	230.0 	1	1.0600 	0.9400;
    8	2	44.1 	9.8 	0.0 	0.0 	1	1.0000 	0.0000 	115.0 	1	1.0600 	0.9400;
    9	1	67.2 	30.1 	0.0 	0.0 	1	1.0000 	0.0000 	115.0 	1	1.0600 	0.9400;
    10	2	107.1 	23.1 	0.0 	0.0 	1	1.0000 	0.0000 	230.0 	1	1.0600 	0.9400;
    11	1	58.1 	14.7 	0.0 	0.0 	1	1.0000 	0.0000 	115.0 	1	1.0600 	0.9400;
    12	1	0.0 	0.0 	0.0 	0.0 	1	1.0000 	0.0000 	230.0 	1	1.0600 	0.9400;
    13	1	40.6 	7.0 	0.0 	0.0 	1	1.0000 	0.0000 	115.0 	1	1.0600 	0.9400;
    14	1	112.0 	42.0 	0.0 	0.0 	1	1.0000 	0.0000 	115.0 	1	1.0600 	0.9400;
    15	1	88.7 	16.1 	0.0 	0.0 	1	1.0000 	0.0000 	115.0 	1	1.0600 	0.9400;
    16	1	0.0 	0.0 	0.0 	0.0 	1	1.0000 	0.0000 	345.0 	1	1.0600 	0.9400;
    17	1	392.7 	154.0 	0.0 	0.0 	1	1.0000 	0.0000 	115.0 	1	1.0600 	0.9400;
    18	1	0.0 	0.0 	0.0 	0.0 	1	1.0000 	0.0000 	230.0 	1	1.0600 	0.9400;
    19	2	423.5 	84.0 	0.0 	0.0 	1	1.0000 	0.0000 	115.0 	1	1.0600 	0.9400;
    20	1	53.9 	0.7 	0.0 	0.0 	1	1.0000 	0.0000 	230.0 	1	1.0600 	0.9400;
    21	1	56.7 	16.1 	0.0 	0.0 	1	1.0000 	0.0000 	115.0 	1	1.0600 	0.9400;
    22	1	14.7 	4.9 	0.0 	0.0 	1	1.0000 	0.0000 	115.0 	1	1.0600 	0.9400;
    23	1	0.0 	0.0 	0.0 	0.0 	1	1.0000 	0.0000 	230.0 	1	1.0600 	0.9400;
    24	1	31.5 	8.4 	0.0 	0.0 	1	1.0000 	0.0000 	115.0 	1	1.0600 	0.9400;
    25	1	19.6 	6.3 	0.0 	0.0 	1	1.0000 	0.0000 	115.0 	1	1.0600 	0.9400;
    26	1	48.3 	9.1 	0.0 	0.0 	1	1.0000 	0.0000 	115.0 	1	1.0600 	0.9400;
    27	1	38.5 	4.2 	0.0 	0.0 	1	1.0000 	0.0000 	115.0 	1	1.0600 	0.9400;
    28	1	0.0 	0.0 	0.0 	0.0 	1	1.0000 	0.0000 	345.0 	1	1.0600 	0.9400;
    29	1	0.0 	0.0 	0.0 	0.0 	1	1.0000 	0.0000 	115.0 	1	1.0600 	0.9400;
    30	1	0.0 	0.0 	0.0 	0.0 	1	1.0000 	0.0000 	230.0 	1	1.0600 	0.9400;
    31	1	59.5 	22.4 	0.0 	0.0 	1	1.0000 	0.0000 	115.0 	1	1.0600 	0.9400;
    32	1	108.5 	12.6 	0.0 	0.0 	1	1.0000 	0.0000 	115.0 	1	1.0600 	0.9400;
    33	1	0.0 	0.0 	0.0 	0.0 	1	1.0000 	0.0000 	345.0 	1	1.0600 	0.9400;
    34	1	32.2 	-14.7 	0.0 	0.0 	1	1.0000 	0.0000 	115.0 	1	1.0600 	0.9400;
    35	1	60.2 	0.0 	0.0 	0.0 	1	1.0000 	0.0000 	115.0 	1	1.0600 	0.9400;
    36	1	0.0 	0.0 	0.0 	0.0 	1	1.0000 	0.0000 	345.0 	1	1.0600 	0.9400;
    37	1	27.3 	6.3 	0.0 	0.0 	1	1.0000 	0.0000 	115.0 	1	1.0600 	0.9400;
    38	1	136.5 	20.3 	0.0 	0.0 	1	1.0000 	0.0000 	115.0 	1	1.0600 	0.9400;
    39	1	0.0 	0.0 	0.0 	0.0 	1	1.0000 	0.0000 	230.0 	1	1.0600 	0.9400;
    40	1	0.0 	0.0 	0.0 	0.0 	1	1.0000 	0.0000 	345.0 	1	1.0600 	0.9400;
    41	1	40.6 	8.3 	0.0 	0.0 	1	1.0000 	0.0000 	115.0 	1	1.0600 	0.9400;
    42	1	28.7 	13.3 	0.0 	0.0 	1	1.0000 	0.0000 	115.0 	1	1.0600 	0.9400;
    43	1	64.4 	18.2 	0.0 	0.0 	1	1.0000 	0.0000 	115.0 	1	1.0600 	0.9400;
    44	1	-3.5 	3.5 	0.0 	0.0 	1	1.0000 	0.0000 	115.0 	1	1.0600 	0.9400;
    45	1	42.7 	19.6 	0.0 	0.0 	1	1.0000 	0.0000 	115.0 	1	1.0600 	0.9400;
    46	1	48.3 	2.1 	0.0 	0.0 	1	1.0000 	0.0000 	115.0 	1	1.0600 	0.9400;
    47	1	7.0 	0.7 	0.0 	0.0 	1	1.0000 	0.0000 	115.0 	1	1.0600 	0.9400;
    48	1	15.4 	7.0 	0.0 	0.0 	1	1.0000 	0.0000 	115.0 	1	1.0600 	0.9400;
    49	1	68.6 	14.0 	0.0 	0.0 	1	1.0000 	0.0000 	115.0 	1	1.0600 	0.9400;
    50	1	9.8 	0.7 	0.0 	0.0 	1	1.0000 	0.0000 	115.0 	1	1.0600 	0.9400;
    51	1	152.6 	74.2 	0.0 	0.0 	1	1.0000 	0.0000 	115.0 	1	1.0600 	0.9400;
    52	1	0.0 	0.0 	0.0 	0.0 	1	1.0000 	0.0000 	230.0 	1	1.0600 	0.9400;
    53	1	158.9 	77.0 	0.0 	0.0 	1	1.0000 	0.0000 	115.0 	1	1.0600 	0.9400;
    54	1	0.0 	0.0 	0.0 	0.0 	1	1.0000 	0.0000 	230.0 	1	1.0600 	0.9400;
    55	2	49.0 	21.0 	0.0 	0.0 	1	1.0000 	0.0000 	115.0 	1	1.0600 	0.9400;
    56	1	0.0 	0.0 	0.0 	0.0 	1	1.0000 	0.0000 	230.0 	1	1.0600 	0.9400;
    57	1	0.0 	0.0 	0.0 	0.0 	1	1.0000 	0.0000 	115.0 	1	1.0600 	0.9400;
    58	1	39.2 	14.0 	0.0 	0.0 	1	1.0000 	0.0000 	115.0 	1	1.0600 	0.9400;
    59	1	81.2 	26.6 	0.0 	0.0 	1	1.0000 	0.0000 	115.0 	1	1.0600 	0.9400;
    60	1	39.9 	13.3 	0.0 	0.0 	1	1.0000 	0.0000 	115.0 	1	1.0600 	0.9400;
    61	1	156.8 	49.7 	0.0 	0.0 	1	1.0000 	0.0000 	115.0 	1	1.0600 	0.9400;
    62	1	0.0 	0.0 	0.0 	0.0 	1	1.0000 	0.0000 	230.0 	1	1.0600 	0.9400;
    63	2	145.6 	74.9 	0.0 	0.0 	1	1.0000 	0.0000 	115.0 	1	1.0600 	0.9400;
    64	1	51.8 	19.6 	0.0 	0.0 	1	1.0000 	0.0000 	115.0 	1	1.0600 	0.9400;
    65	1	0.0 	0.0 	0.0 	0.0 	1	1.0000 	0.0000 	115.0 	1	1.0600 	0.9400;
    66	1	33.6 	9.8 	0.0 	0.0 	1	1.0000 	0.0000 	115.0 	1	1.0600 	0.9400;
    67	1	19.6 	4.9 	0.0 	0.0 	1	1.0000 	0.0000 	115.0 	1	1.0600 	0.9400;
    68	1	0.0 	0.0 	0.0 	0.0 	1	1.0000 	0.0000 	345.0 	1	1.0600 	0.9400;
    69	2	25.9 	9.1 	0.0 	0.0 	1	1.0000 	0.0000 	115.0 	1	1.0600 	0.9400;
    70	1	0.0 	0.0 	0.0 	0.0 	1	1.0000 	0.0000 	230.0 	1	1.0600 	0.9400;
    71	1	0.0 	0.0 	0.0 	0.0 	1	1.0000 	0.0000 	230.0 	1	1.0600 	0.9400;
    72	1	0.0 	0.0 	0.0 	0.0 	1	1.0000 	0.0000 	230.0 	1	1.0600 	0.9400;
    73	1	0.0 	0.0 	0.0 	0.0 	1	1.0000 	0.0000 	230.0 	1	1.0600 	0.9400;
    74	1	30.9 	0.0 	0.0 	0.0 	1	1.0000 	0.0000 	115.0 	1	1.0600 	0.9400;
    75	1	46.2 	0.0 	0.0 	0.0 	1	1.0000 	0.0000 	115.0 	1	1.0600 	0.9400;
    76	2	12.2 	0.0 	0.0 	0.0 	1	1.0000 	0.0000 	115.0 	1	1.0600 	0.9400;
    77	2	11.1 	0.0 	0.0 	0.0 	1	1.0000 	0.0000 	115.0 	1	1.0600 	0.9400;
    78	1	42.2 	0.0 	0.0 	0.0 	1	1.0000 	0.0000 	115.0 	1	1.0600 	0.9400;
    79	1	27.9 	0.0 	0.0 	0.0 	1	1.0000 	0.0000 	115.0 	1	1.0600 	0.9400;
    80	2	46.7 	0.0 	0.0 	0.0 	1	1.0000 	0.0000 	115.0 	1	1.0600 	0.9400;
    81	1	58.5 	0.0 	0.0 	0.0 	1	1.0000 	0.0000 	115.0 	1	1.0600 	0.9400;
    82	1	0.0 	0.0 	0.0 	0.0 	1	1.0000 	0.0000 	115.0 	1	1.0600 	0.9400;
    83	1	54.5 	0.0 	0.0 	0.0 	1	1.0000 	0.0000 	115.0 	1	1.0600 	0.9400;
    84	1	22.4 	0.0 	0.0 	0.0 	1	1.0000 	0.0000 	115.0 	1	1.0600 	0.9400;
    85	1	6.0 	0.0 	0.0 	0.0 	1	1.0000 	0.0000 	115.0 	1	1.0600 	0.9400;
    86	1	34.7 	0.0 	0.0 	0.0 	1	1.0000 	0.0000 	115.0 	1	1.0600 	0.9400;
    87	1	3.2 	0.0 	0.0 	0.0 	1	1.0000 	0.0000 	115.0 	1	1.0600 	0.9400;
    88	2	78.5 	0.0 	0.0 	0.0 	1	1.0000 	0.0000 	115.0 	1	1.0600 	0.9400;
    89	1	21.5 	0.0 	0.0 	0.0 	1	1.0000 	0.0000 	115.0 	1	1.0600 	0.9400;
    90	1	44.1 	0.0 	0.0 	0.0 	1	1.0000 	0.0000 	115.0 	1	1.0600 	0.9400;
    91	1	13.7 	0.0 	0.0 	0.0 	1	1.0000 	0.0000 	115.0 	1	1.0600 	0.9400;
    92	1	18.3 	0.0 	0.0 	0.0 	1	1.0000 	0.0000 	115.0 	1	1.0600 	0.9400;
    93	1	12.7 	0.0 	0.0 	0.0 	1	1.0000 	0.0000 	115.0 	1	1.0600 	0.9400;
    94	1	0.0 	0.0 	0.0 	0.0 	1	1.0000 	0.0000 	115.0 	2	1.0600 	0.9400;
    95	1	0.0 	0.0 	0.0 	0.0 	1	1.0000 	0.0000 	115.0 	2	1.0600 	0.9400;
    96	1	0.0 	0.0 	0.0 	325.0 	1	1.0000 	0.0000 	115.0 	2	1.0600 	0.9400;
    97	1	9.9 	455.0 	0.0 	0.0 	1	1.0000 	0.0000 	115.0 	2	1.0600 	0.9400;
    98	2	0.0 	0.0 	0.0 	0.0 	1	1.0000 	0.0000 	115.0 	2	1.0600 	0.9400;
    99	1	543.9 	150.5 	0.0 	55.0 	1	1.0000 	0.0000 	115.0 	2	1.0600 	0.9400;
    100	1	374.5 	38.5 	0.0 	0.0 	1	1.0000 	0.0000 	115.0 	2	1.0600 	0.9400;
    101	1	160.4 	8.3 	0.0 	0.0 	1	1.0000 	0.0000 	115.0 	2	1.0600 	0.9400;
    102	1	54.6 	1.0 	0.0 	0.0 	1	1.0000 	0.0000 	115.0 	2	1.0600 	0.9400;
    103	2	193.5 	41.5 	0.0 	0.0 	1	1.0000 	0.0000 	115.0 	2	1.0600 	0.9400;
    104	2	360.4 	57.9 	0.0 	0.0 	1	1.0000 	0.0000 	115.0 	2	1.0600 	0.9400;
    105	1	40.5 	3.6 	0.0 	0.0 	1	1.0000 	0.0000 	115.0 	2	1.0600 	0.9400;
